# 10K
 	mm8	canFam2	rn3	galGal2	hg18	monDom4
mm8	0	346	404	403	327	357
canFam2	346	0	574	326	231	288
rn3	404	574	0	588	546	553
galGal2	403	326	588	0	313	299
hg18	327	231	546	313	0	268
monDom4	357	288	553	299	268	0

# 50K
 	mm8	canFam2	rn3	galGal2	hg18	monDom4
mm8	0	256	291	277	243	245
canFam2	256	0	427	218	177	218
rn3	291	427	0	417	408	407
galGal2	277	218	417	0	213	197
hg18	243	177	408	213	0	198
monDom4	245	218	407	197	198	0

# 100K
 	mm8	canFam2	rn3	galGal2	hg18	monDom4
mm8	0	229	187	239	208	214
canFam2	229	0	321	192	155	188
rn3	187	321	0	318	305	304
galGal2	239	192	318	0	185	174
hg18	208	155	305	185	0	165
monDom4	214	188	304	174	165	0

# 300K
 	mm8	canFam2	rn3	galGal2	hg18	monDom4
mm8	0	142	75	148	136	139
canFam2	142	0	160	115	106	113
rn3	75	160	0	156	155	157
galGal2	148	115	156	0	108	95
hg18	136	106	155	108	0	104
monDom4	139	113	157	95	104	0

# 500K
 	mm8	canFam2	rn3	galGal2	hg18	monDom4
mm8	0	116	51	121	116	120
canFam2	116	0	121	86	84	94
rn3	51	121	0	121	119	125
galGal2	121	86	121	0	84	77
hg18	116	84	119	84	0	85
monDom4	120	94	125	77	85	0

