 	mm8	monDom4	hg18	rn3	canFam2	galGal2
mm8	0	120	116	51	116	121
monDom4	120	0	85	125	94	77
hg18	116	85	0	119	84	84
rn3	51	125	119	0	121	121
canFam2	116	94	84	121	0	86
galGal2	121	77	84	121	86	0