	mm8	monDom4	hg18	rn3	canFam2	galGal2
mm8	0	139	136	75	142	148
monDom4	139	0	104	157	113	95
hg18	136	104	0	155	106	108
rn3	75	157	155	0	160	156
canFam2	142	113	106	160	0	115
galGal2	148	95	108	156	115	0