	mm8	monDom4	hg18	rn3	canFam2	galGal2
mm8	0	245	243	291	256	277
monDom4	245	0	198	407	218	197
hg18	243	198	0	408	177	213
rn3	291	407	408	0	427	417
canFam2	256	218	177	427	0	218
galGal2	277	197	213	417	218	0