	mm8	monDom4	hg18	rn3	canFam2	galGal2
mm8	0	214	208	187	229	239
monDom4	214	0	165	304	188	174
hg18	208	165	0	305	155	185
rn3	187	304	305	0	321	318
canFam2	229	188	155	321	0	192
galGal2	239	174	185	318	192	0
