	mm8	canFam2	rn3	galGal2	hg18	monDom4	
mm8	0	1461	1459	1673	1485	1552	
canFam2	1461	0	1744	1532	1308	1385	
rn3	1459	1744	0	1716	1702	1713	
galGal2	1673	1532	1716	0	1542	1459	
hg18	1485	1308	1702	1542	0	1425	
monDom4	1552	1385	1713	1459	1425	0	
