	mm8	canFam2	rn3	galGal2	hg18	monDom4	
mm8	0	753	655	810	731	756	
canFam2	753	0	872	719	642	691	
rn3	655	872	0	827	850	829	
galGal2	810	719	827	0	717	642	
hg18	731	642	850	717	0	595	
monDom4	756	691	829	642	595	0	
