	mm8	canFam2	rn3	galGal2	hg18	monDom4	
mm8	0	985	999	1069	999	992	
canFam2	985	0	1162	980	882	973	
rn3	999	1162	0	1128	1142	1141	
galGal2	1069	980	1128	0	962	943	
hg18	999	882	1142	962	0	865	
monDom4	992	973	1141	943	865	0	
