	mm8	canFam2	rn3	galGal2	hg18	monDom4	
mm8	0	579	543	564	513	492	
canFam2	579	0	814	473	416	461	
rn3	543	814	0	761	772	715	
galGal2	564	473	761	0	449	402	
hg18	513	416	772	449	0	399	
monDom4	492	461	715	402	399	0	
