	mm8	canFam2	rn3	galGal2	hg18	monDom4	
mm8	0	334	199	349	323	339	
canFam2	334	0	335	291	293	301	
rn3	199	335	0	328	332	330	
galGal2	349	291	328	0	306	272	
hg18	323	293	332	306	0	262	
monDom4	339	301	330	272	262	0	
