	mm8	canFam2	rn3	galGal2	hg18	monDom4	
mm8	0	435	345	444	423	430	
canFam2	435	0	444	413	422	385	
rn3	345	444	0	425	442	437	
galGal2	444	413	425	0	419	376	
hg18	423	422	442	419	0	349	
monDom4	430	385	437	376	349	0	
