	mm8	canFam2	rn3	galGal2	hg18	monDom4	
mm8	0	355	213	352	335	318	
canFam2	355	0	416	303	278	281	
rn3	213	416	0	389	394	373	
galGal2	352	303	389	0	279	238	
hg18	335	278	394	279	0	253	
monDom4	318	281	373	238	253	0	
