	mm8	canFam2	rn3	galGal2	hg18	monDom4	
mm8	0	342	265	357	341	349	
canFam2	342	0	339	317	321	311	
rn3	265	339	0	338	338	336	
galGal2	357	317	338	0	314	298	
hg18	341	321	338	314	0	278	
monDom4	349	311	336	298	278	0	
