	mm8	canFam2	rn3	galGal2	hg18	monDom4	
mm8	0	641	783	631	587	562	
canFam2	641	0	1062	550	476	543	
rn3	783	1062	0	980	1004	943	
galGal2	631	550	980	0	516	455	
hg18	587	476	1004	516	0	469	
monDom4	562	543	943	455	469	0	
