	mm8	canFam2	rn3	galGal2	hg18	monDom4	
mm8	0	421	279	430	401	410	
canFam2	421	0	444	381	386	365	
rn3	279	444	0	411	434	429	
galGal2	430	381	411	0	405	342	
hg18	401	386	434	405	0	327	
monDom4	410	365	429	342	327	0	
