	mm8	canFam2	rn3	galGal2	hg18	monDom4	
mm8	0	300	145	303	291	289	
canFam2	300	0	323	241	229	235	
rn3	145	323	0	304	302	296	
galGal2	303	241	304	0	218	200	
hg18	291	229	302	218	0	214	
monDom4	289	235	296	200	214	0	
