	mm8	canFam2	rn3	galGal2	hg18	monDom4	
mm8	0	789	741	834	787	784	
canFam2	789	0	894	785	710	733	
rn3	741	894	0	851	866	843	
galGal2	834	785	851	0	769	710	
hg18	787	710	866	769	0	665	
monDom4	784	733	843	710	665	0	
