	mm8	canFam2	rn3	galGal2	hg18	monDom4	
mm8	0	893	1079	945	835	834	
canFam2	893	0	1430	804	644	699	
rn3	1079	1430	0	1366	1356	1291	
galGal2	945	804	1366	0	746	687	
hg18	835	644	1356	746	0	629	
monDom4	834	699	1291	687	629	0	
