	mm8	canFam2	rn3	galGal2	hg18	monDom4	
mm8	0	909	923	1023	933	966	
canFam2	909	0	1146	896	782	895	
rn3	923	1146	0	1092	1122	1113	
galGal2	1023	896	1092	0	904	853	
hg18	933	782	1122	904	0	765	
monDom4	966	895	1113	853	765	0	
